Overall Average Score: 0.1925595201244598

Test_Run_1: 0.04166666523437506
Test_Run_2: 0.12499999570312517
Test_Run_3: 0.12499999570312517
Test_Run_4: 0.12499999570312517
Test_Run_5: 0.5624999953515626
Test_Run_6: 0.12499999570312517
Test_Run_7: 0.12499999570312517
Test_Run_8: 0.12499999570312517
Test_Run_9: 0.5714285664399092
Test_Run_10: 0.0
